(1,1) 6.79 1
(1,114) 6.83 1
(1,228) 6.76 1
(1,342) 6.76 1
(1,455) 6.76 1
(1,569) 6.74 1
(1,683) 6.73 1
(1,796) 6.80 1
(1,910) 6.80 1
(1,1024) 6.79 1
(128,1) 6.79 1
(128,114) 6.82 1
(128,228) 7.85 1
(128,342) 6.82 1
(128,455) 6.71 1
(128,569) 7.02 1
(128,683) 7.06 1
(128,796) 7.09 1
(128,910) 7.04 1
(128,1024) 7.09 1
(1024,1) 7.43 1
(1024,114) 7.49 1
(1024,228) 7.78 1
(1024,342) 8.24 1
(1024,455) 8.28 1
(1024,569) 8.43 1
(1024,683) 8.49 1
(1024,796) 8.59 1
(1024,910) 8.58 1
(1024,1024) 8.57 1
(4096,1) 8.33 1
(4096,114) 8.27 1
(4096,228) 8.57 1
(4096,342) 10.60 1
(4096,455) 10.62 1
(4096,569) 15.18 1
(4096,683) 15.42 1
(4096,796) 15.74 1
(4096,910) 15.96 1
(4096,1024) 16.11 1
(16384,1) 15.20 1
(16384,114) 15.15 1
(16384,228) 15.75 1
(16384,342) 23.63 1
(16384,455) 24.21 1
(16384,569) 42.31 1
(16384,683) 43.32 1
(16384,796) 44.13 1
(16384,910) 45.14 1
(16384,1024) 45.92 1
