(1,1) 2.79 0
(1,114) 2.73 0
(1,228) 2.75 0
(1,342) 2.75 0
(1,455) 2.74 0
(1,569) 2.73 0
(1,683) 2.74 0
(1,796) 2.76 0
(1,910) 2.76 0
(1,1024) 2.74 0
(128,1) 2.74 0
(128,114) 2.73 0
(128,228) 2.75 0
(128,342) 2.75 0
(128,455) 2.73 0
(128,569) 2.71 0
(128,683) 2.74 0
(128,796) 2.75 0
(128,910) 2.75 0
(128,1024) 2.75 0
(1024,1) 2.76 0
(1024,114) 2.75 0
(1024,228) 2.76 0
(1024,342) 2.71 0
(1024,455) 2.74 0
(1024,569) 3.38 0
(1024,683) 3.40 0
(1024,796) 3.47 0
(1024,910) 3.54 0
(1024,1024) 3.59 0
(4096,1) 3.38 0
(4096,114) 3.34 0
(4096,228) 3.58 0
(4096,342) 5.51 0
(4096,455) 5.65 0
(4096,569) 10.20 0
(4096,683) 10.40 0
(4096,796) 10.60 0
(4096,910) 10.88 0
(4096,1024) 11.06 0
(16384,1) 10.20 0
(16384,114) 10.11 0
(16384,228) 10.71 0
(16384,342) 18.62 0
(16384,455) 19.17 0
(16384,569) 37.23 0
(16384,683) 38.27 0
(16384,796) 39.06 0
(16384,910) 40.12 0
(16384,1024) 40.88 0
